Brickworks

William & Mary's campus has many bricks -- brick buildings, brick sidewalks,
brick walls.  One year, a secret society of alumni donated a set of bricks to
replace some of the old, crumbling ones throughout campus.  The alumin engraved
a number and characger On each brick.  The number and character are not
necessarily unique: multiple bricks may have the same number, character, or
both number and character.  As these alumni were especially clever, they
decided to encode a message with these bricks.  Below is a matrix that lists
each donated brick, as well as its distance on campus to every other donated
brick.  Find the shortest route on campus to locate all the bricks.  Once you
have find the shortest route, the characters will be in the correct word order,
but the order of the characters in each individual word will be jumbled.  Each
word in the message ends with a "_" (except for the last one).  To unjumble the
characters in each individual word, arrange their characters in order of
ascending id.  The prefix "tribectf{" is included in the first word.

               28     7    11    43     1    18    36    21     9    38    22    23     2     6    13    16    34    31    23    14    34    31     6    21    36    41    18     1    18    12    20    17     7    48    72    23    20    28    56    29    30     8    21    52     3    11     6    31    38    49    15    39     7    18    33     1    38    40    15    15    44     3    51    45    61    18    64    29    35    14    80    22     3    21    41    10     5     8    29    28     6    79    34    28    29     1    23     5    13    33    21     3     3    18     7    11    33     3    36     9    17    11    40     8    15    23     9 
                w     t     n     ,     s     1     e     k     h     ,     _     _     o     e     l     1     t     }     c     1     t     c     t     s     y     _     d     a     e     u     _     e     h     {     a     0     b     e     .     n     e     h     _     .     t     h     a     t     r     .     0     y     a     e     1     t     t     _     y     e     f     0     _     _     t     _     h     p     _     r     _     m     s     a     _     d     d     n     s     u     m     t     e     _     0     w     _     1     i     v     e     n     q     e     d     r     n     m     t     a     s     _     l     f     _     e     b 
   28     w      0 35677 35444 35709 35460 35712 35551 35364 35561 35669 35411 35396 35413 35560 35675 35534 35446 35358 35433 35520 35484 35603 35357 35633 35538 35353 35573 35628 35352 35416 35626 35505 35517 35725 35438 34339 35443 35698 35669 35604 35554 35681 35385 35692 35383 35435 35559 35385 35485 35703 35670 35736 35632 35679 35531 35693 35439 35468 35426 35669 35547 35718 35584 35364 35675 35462 35609 35395 35486 35514 35389 35431 35469 35662 35712 35654 35616 35361 34662 35443 35464 35623 35606 35502 35676 35595 35659 35375 35480 35469 35392 35614 35418 35492 35395 35733 35684 35742 35528 35712 35451 35409 35678 35525 35540 35720 35518 
    7     t  35677     0 35742 35521 35383 35509 35704 35736 16451 35432 35573 35668 35531 35667 35674 35578 35598 35635 35661 35601 35378 35375 35528 35547 35662 16102 35745 35647 35728 35673 35611 35542 35386 35630 35374 35545 35533 35735 35373 35572 35721 35441 35645 35712 35691 35351 35383 35660 35622 35516 35699 35511 35479 35557 35438 35579 35679 35520 35669 35621 35690 35389 35591 35485 35688 35519 35523 35479 35586 35477 35665 35699 35351 35746 35670 35729 35578 35610 35703 35730 35373 35408 35434 35715 35642 35533 35394 35519 35568 35735 35657 35558 35544 35576 35466 35542 35383 35646 35671 35499 35560 35653 35728 35550 35539 35728 35468 
   11     n  35444 35742     0 35680 35640 35656 35449 35616 35551 35586 35738 35560 35462 35415 35436 35714 35601 35641 35421 35444 35672 35394 35696 35438 35620 35423 35517 35488 35376 35590 11244 35630 35516 35585 35388 35681 35514 35538 35618 35625 35550 35715 35503 35428 35728 35372 35570 35744 35518 35714 35628 35418 35672 35609 35536 35400 35431 35744 35649 35462 35501 35356 35594 35718 35581 35496 35519 35461 35638 35675 35595 35590 35720 35480 35403 35588 35591 35647 35434 35674 35651 35589 35545 35520 35722 35745 35707 10867 35724 35688 35348 35569 35473 35747 35427 35490 35554 35425 35361 35428 35374 35405 35414 35410 35648 35569 35633 
   43     ,  35709 35521 35680     0 35605 35446 35473 35617 35554 35427 35714 35404 35631 35742 35442 35556 26609 35368 35533 35474 35365 35381 35364 35740 35510 35400 35411 35525 35737 35645 35578 35518 35381 35693 35520 35550 35704 35675 35539 35496 35697 35495 35400 35458 35643 35562 35539 35400 35742 35369 35720 35648 35353 35395 35538 35406 35351 35508 35707 35602 35480 35549 27058 35429 35580 35663 35374 35383 35429 35671 35590 35638 35463 35743 35420 35420 35608 35654 35426 35699 35617 35711 35421 35726 35728 35731 35541 35694 35405 35634 35740 35407 35432 35570 35722 35649 35410 35515 35691 35430 35403 35625 35391 35489 35616 35456 35632 
    1     s  35460 35383 35640 35605     0 35369 35565 35729 35397 35365 35513 17456 35668 17750 35670 35510 35591 35600 35446 35606 35574 35474 35622 35700 35672 35422 35438 35512 35386 35397 35649 35483 35521 35429 35625 35625 35543 35564 35705 35588 35640 35652 35380 35367 35558 35511 35713 35370 35721 35636 35471 35455 35371 35595 35594 35650 35617 35384 35402 35646 35479 35599 35579 35394 35467 35571 35686 35705 35626 35716 35584 35616 35684 35378 35543 35627 35462 35498 35476 35500 35428 35577 35622 35354 35559 35520 35560 35553 35410 35507 35741 35456 35508 35544 35569 35669 35661 35613 35670 35680 35576 35582 35629 35452 35656 35357 35532 
   18     1  35712 35509 35656 35446 35369     0 35736 35742 35384 35432 35439 35700 35397 35532 35608 35707 35478 35731 35354 35649 35616 35569 35446 35523 35352 35361 35687 35499 35516 22881 35710 35579 35522 35399 35664 35533 35390 35668 35655 35638 35430 35542 35545 35357 35416 35698 35418 35518 35497 35680 35676 35547 35403 35348 35389 35595 35648 35375 35646 35658 35503 35373 35727 35711 35653 35471 35395 35556 35367 35676 35625 35715 35489 35638 35736 35447 35656 35500 35540 35545 35724 35636 35640 35722 35474 35540 35640 35593 35488 35350 35526 35506 35499 35642 35699 35612 35694 35629 35512 35569 35702 35554 35644 35480 35691 23190 35639 
   36     e  35551 35704 35449 35473 35565 35736     0 35502 35720 35385 35593 35537 35388 35731 35369 35430 35512 35356 35441 35716 35679 35490 35741 35741 35553 35421 35720 35498 35425 35494 35380 35398 35390 35437 35470 35581 35654 35595 35391 35572 35712 35638 35502 35584 35523 35635 35484 35563 35584 35529 35372 35497 35589 35622 35680 35542 35597 35631 35596 35465 35734 35734 35670 35514 35742 35617 35578 30157 35550 35472 35526 35569 35591 35470 35476 35509 35453 35646 35356 35713 35418 35625 35557 35473 35708 35598 35491 35560 35478 35601 35683 35580 35425 35685 35371 35685 35544 35621 35362 35732 35452 35358 30600 35610 35452 35468 35636 
   21     k  35364 35736 35616 35617 35729 35742 35502     0 35647 35426 35621 35624 35576 35470 10009 35466 35357 35472 35506 35644 35728 35495 35441 35432 35370 35643 35503 35556 35485 35682 35455 35379 35602 35382 35608 35653 35708 35731 35400 35446 35628 35580 35395 35698 35605 35434 35608 35593 35636 35499 35641 35486 35701 35444 35667 35405 35743 35733 35366 35451 35667 35369 35692 35678 35641 35629 35390 35444 35655 35674 35737 35491 35727 35416 35548 35468 35487 35495 35731 35518 35633 35590 35512 10176 35456 35738 35409 35433 35743 35637 35374 35700 35477 35613 35372 35581 35714 35720 35740 35522 35571 35687 35385 35630 35355 35611 35357 
    9     h  35561 16451 35551 35554 35397 35384 35720 35647     0 35613 35553 35405 35384 35705 35425 35451 35652 35445 35423 35447 35450 35377 35720 35730 35692 35717 35682 35513 35641 35482 35551 35418 35501 35609 35391 35472 35427 35361 35349 35535 35718 35677 35651 35526 35381 35680 35637 35349 35422 35674 35747 35554 35523 35717 35561 35551 35712 35465 35421 35575 35476 35551 35695 35385 35638 35742 35640 35675 35389 35685 35594 35539 35430 35490 35504 35646 35655 35698 35499 35385 35690 35428 35599 35403 35398 35682 35499 35668 35414 35551 35382 35352 35612 16686 35377 35631 35539 35618 35456 35362 35566 35682 35456 35563 35626 35443 35488 
   38     ,  35669 35432 35586 35427 35365 35432 35385 35426 35613     0 35392 35401 35690 35472 35385 35393 35678 35722 35610 35720 35732 35388 35644 35442 13122 35573 35438 35620 35465 35695 35419 35600 35410 35364 35491 35447 35513 35649 35637 35478 35575 35470 35480 35481 35483 35364 35730 35389 35492 35608 35378 35599 35423 35575 35531 35583 35400 35696 35605 35513 35423 35600 35590 13347 35434 35460 35733 35580 35746 35735 35516 35639 35485 35685 35573 35360 35623 35466 35546 35743 35532 35574 35368 35351 35365 35374 35610 35355 35743 35556 35585 35352 35744 35692 35375 35653 35531 35607 35578 35693 35675 35664 35584 35444 35483 35660 35633 
   22     _  35411 35573 35738 35714 35513 35439 35593 35621 35553 35392     0 35637 35557 35659 35587 35658 35348 35389 35523 35705 35670 35396 35359 35502 35394 35459 35364 35633 35694 35402 35746 32473 35596 35546 35403 35407 35516 35472 35710 35592 35693 35413 35371 35585 35487 35673 35405 35509 35402 35667 35633 35628 35428 35507 35392 35527 35485 35450 35542 35713 35501 35521 35731 35554 35437 35524 35661 35410 35745 35522 35738 35711 32949 35467 35436 35659 35348 35539 35449 35525 35713 35502 35680 35474 35442 35431 35622 35530 35585 35695 35666 35709 35498 35516 35525 35711 35554 35579 35506 35683 35684 35430 35639 35395 35418 35444 35381 
   23     _  35396 35668 35560 35404 17456 35700 35537 35624 35405 35401 35637     0 35600 35504 35387 35661 35675 35713 35605 35700 35459 35652 35489 35686 35606 35647 35679 35555 35670 35701 35377 35550 35454 35540 35551 35372 35573 35609 35629 35731 35351 35708 35381 35573 35664 35557 35350 35700 35672 35569 35706 35745 35515 35649 35600 35648 35513 35561 35628 35432 35544 35610 35547 35423 35692 35641 35569 35398 35706 35642 35687 35643 35584 35541 35566 35381 35661 35374 35541 35477 35386 35460 35511 35461 35545 35561 35556 35687 35400 35461 35495 35647 35700 16991 35402 35415 35696 35516 35499 35392 35621 35483 35722 35408 35654 35624 35702 
    2     o  35413 35531 35462 35631 35668 35397 35388 35576 35384 35690 35557 35600     0 35461 35701 35552 35590 35486 35581 35513 35583 35402 35611 35573 35555 35366 35649 35530 35741 35524 35404 35501 35574 35382 35706 35519 35708 35503 35527 35522 35373 35686 35634 35374 35656 35557 35534 35353 35351 35575 35591 35349 35660 35370 35603 35541 35490 20071 35551 35358 35355 35456 35692 35504 35541 35467 35680 35442 35517 35428 35537 35581 35499 35368 35398 35700 35373 35569 35696 35652 35567 35529 35553 35406 35426 35578 35727 35720 35676 35350 35354 35686 35462 35525 35611 35639 35452 35392 35716 35588 35393 35737 35606 20505 35610 35528 35362 
    6     e  35560 35667 35415 35742 17750 35532 35731 35470 35705 35472 35659 35504 35461     0 35647 35593 35664 35594 35441 35611 35625 35432 35390 35677 35629 35516 35665 35622 35726 35722 35437 35540 35719 35552 35368 35412 35494 35675 35437 35570 35619 35360 35443 35712 35380 35699 35538 35611 35695 35520 35734 35533 35727 35550 35543 35559 35730 35644 35699 35661 35664 35576 35691 35691 35545 35366 35477 35693 35496 17913 35465 35469 35476 35616 35611 35511 35715 35556 35618 35630 35667 35430 35574 35519 35429 35659 35495 35687 35564 35741 35684 35643 35500 35530 35378 35715 35441 35351 35458 35458 35413 35504 35546 35421 35441 35533 35631 
   13     l  35675 35674 35436 35442 35670 35608 35369 10009 35425 35385 35587 35387 35701 35647     0 35411 35452 35403 35598 35361 35551 35613 35735 35668 35350 35627 35548 35530 35518 35714 35597 35602 35711 35394 35640 35412 35453 35429 35606 35609 35595 35415 35407 35361 35645 35615 35356 35587 35420 35677 35566 35740  9537 35461 35605 35710 35373 35578 35473 35558 35434 35645 35655 35419 35698 35348 35368 35418 35500 35663 35351 35703 35717 35372 35518 35610 35702 35466 35738 35437 35711 35467 35706 35370 35520 35702 35446 35657 35418 35745 35662 35422 35738 35707 35506 35718 35385 35351 35576 35459 35725 35553 35657 35470 35484 35408 35476 
   16     1  35534 35578 35714 35556 35510 35707 35430 35466 35451 35393 35658 35661 35552 35593 35411     0 35666 35564 35575 35503 35395 35445 35437 35513 35652 35653 35567 35532 35553 35544 35657 35602 35575 35652 35733 35475 35602 35351 35714 35691 35595 35718 35393 35582 35711 35464 35587 35644 35546 35494 35674 35632 35640 35370 35441 35417 35658 35736 35378 35725 35351 35533 35675 35652 35733 35382 35372 35572 35562 35582 35577 35372 35640 35512 35355 35613 35380 35713 35623 35447 35592 35428 35600 35741 35606 35389 35503 35718 35466 35697 35706 35703 35647 35708 13959 35456 35627 35696 35487 35612 14206 35616 35446 35721 35478 35694 35478 
   34     t  35446 35598 35601 26609 35591 35478 35512 35357 35652 35678 35348 35675 35590 35664 35452 35666     0 35487 35572 35726 35493 35389 35463 35358 35474 35369 35605 35595 35399 35550 35563 35707 35698 35596 35611 35584 35482 35384 35353 35456 35603 35399 35435 35374 35429 35434 35435 35687 35533 35515 35384 35641 35358 35704 35449 35371 35362 35686 35551 35545 35711 35428 35635 35448 35371 35476 35356 35637 35431 35555 35689 35524 35685 35400 35493 35700 35353 35738 35376 35373 35693 35417 35524 35596 35657 35405 35533 35429 35604 35490 35699 35563 35536 35711 35476 35685 26145 35379 35527 35739 35733 35569 35472 35357 35623 35624 35468 
   31     }  35358 35635 35641 35368 35600 35731 35356 35472 35445 35722 35389 35713 35486 35594 35403 35564 35487     0 35697 35549 35496 35600 35575 35517 35473 35355 35489 35742 35739 35375 35381 35465 35350 35637 35676 35558 35655 35676 35716 35630 35745 35458 35627 35351 35489 35741 35577 35623 35602 35503 35668 35369 35564 35382 35464 35554 35375 35601 35414 35417 35667 35700 35724 35514 35659 35732 35643 35567 35713 35605 35675 35382 35395 35464 35465 35376 35490 35504 35122 35573 35483 35410 35348 35635 35567 35500 35668 35642 35393 35461 35536 35542 35358 35434 35434 35370 35363 35494 35623 35433 35638 35409 35358 35656 35733 35444 35612 
   23     c  35433 35661 35421 35533 35446 35354 35441 35506 35423 35610 35523 35605 35581 35441 35598 35575 35572 35697     0 35531 35669 35385 35656 35383 35399 35480 35362 35712 35580 35470 35487 35373 35479 35570 35698 35615 35546 35586 35663 35713 35701 35355 35500 35704 35638 35623 35576 35484 35621 35509 35733 35483 35348 35686 35552 35669 35564 35555 35645 35652 35552 35673 35516 35555 35653 35724 35609 35409 35561 35398 35635 35460 35452 35680 35401 35646 35728 35610 35430 35469 35393 35487 35709 35439 14842 35457 35702 35355 35704 35715 35598 35460 35737 35685 35351 35383 35714 35578 35637 35694 14415 35629 35504 35658 35473 35529 35596 
   14     1  35520 35601 35444 35474 35606 35649 35716 35644 35447 35720 35705 35700 35513 35611 35361 35503 35726 35549 35531     0 35437 35406 35374 29397 35434 35375 35557 35542 35383 35527 35678 35446 35627 35502 35675 35440 35680 35642 35728 35677 35723 35682 35620 35593 35369 35585 35699 35609 35666 35394 35736 35629 35519 35572 35420 35730 35487 35741 35545 35590 35407 35399 35692 35371 35548 35633 35437 35617 35530 35556 35682 35428 35591 35479 35666 35384 29293 35747 35550 35359 35713 35575 35601 35712 35583 35403 35395 35401 35729 35522 35659 35658 35483 35626 35587 35556 35580 35554 35700 35746 35648 35385 35375 35653 35621 35543 35733 
   34     t  35484 35378 35672 35365 35574 35616 35679 35728 35450 35732 35670 35459 35583 35625 35551 35395 35493 35496 35669 35437     0 35546 35452 35708 12886 35669 35552 35708 35662 35466 35555 35353 35611 35364 35394 35499 35632 35412 35472 35702 35650 35700 35713 35672 35692 35405 35623 35702 35378 35395 35605 35732 35500 35351 35531 35739 35425 35723 35702 35567 35527 35678 35709 35637 35664 35626 35473 35731 35416 35662 35604 35678 35468 35599 35593 35411 35634 35369 35658 12753 35516 35706 35625 35560 35460 35580 35606 35735 35352 35357 35358 35463 35637 35478 35349 35460 35571 35394 35712 35669 35674 35374 35532 35597 35559 35585 35548 
   31     c  35603 35375 35394 35381 35474 35569 35490 35495 35377 35388 35396 35652 35402 35432 35613 35445 35389 35600 35385 35406 35546     0 35690 35619 35413 35627 35528 35591 35428 35634 35711 35604 35392 35377 35693 35742 35506  2721 35544 35628 35372 35573 35618 35629 35665 35593 35375 35443 35647 35387 35702 35452 35564 35509 35638 35444 35393 35601 35406 35694 35614 35423 35512 35358 35652 35455 35639 35716 35636 35563 35436 35739 35581 35742 35594 35414 35642 35411 35590 35699 35554 35553 35714 35595 35535 35654 35713 35372 35370 35439 35742 35490 35695 35576 35705 35563 35605 35387  3162 35440 35551 35595 35701 35663 35661 35348 35734 
    6     t  35357 35528 35696 35364 35622 35446 35741 35441 35720 35644 35359 35489 35611 35390 35735 35437 35463 35575 35656 35374 35452 35690     0 35732 35741 35657 35507 35486 35678 35609 35688 35678 35421 35460 35627 35474 35414 35348 35653 35477 35359 35466 35448 35433 35715 35732 35405 35401 35556 35571 35616 35409 35450 35349 35384 35661 35666 35471 35506 35362 35700 35633 35747 35568 35708 35418 35735 35449 35564 35734 35502 35735 35639 35467 35560 35718 35701 35716 35624 35459 35542 35370 35534 35494 35738 35606 35565 35566 35703 35676 35637 35635 35554 35625 35460  1417 35472 35640 35408 35459 35440 35589 35677 35645 35465 35512 35412 
   21     s  35633 35547 35438 35740 35700 35523 35741 35432 35730 35442 35502 35686 35573 35677 35668 35513 35358 35517 35383 29397 35708 35619 35732     0 35702 35381 35525 35584 35360 35676 35403 35393 35392 35736 35390 35734 35744 35563 35461 35353 35373 35726 35547 35462 35393 35481 35681 35668 35646 35450 35491 35455 35397 35635 35447 35592 35512 35459 35516 35682 35405 35360 35635 35648 35617 35533 35436 29710 35356 35530 35546 35458 35681 35711 35507 35389 35563 35719 35554 35730 35565 35716 35682 35510 35674 35674 35527 35715 35370 35621 35562 35385 35538 35422 35679 35635 35456 35738 35478 35594 35356 35576 35374 35554 35691 35709 35426 
   36     y  35538 35662 35620 35510 35672 35352 35553 35370 35692 13122 35394 35606 35555 35629 35350 35652 35474 35473 35399 35434 12886 35413 35741 35702     0 35585 35636 35406 35371 35574 35676 35553 35638 35543 35634 35528 35584 35747 35596 35551 35373 35381 35636 35350 35457 35657 35643 35674 35737 35380 35676 35725 35401 35385 35733 35560 35615 35404 35737 35608 35482 35560 35485 35674 35524 35613 35544 35655 35606 35352 35719 35719 35481 35511 35370 35727 35736 35367 35492 35407 35501 35675 35545 35592 35551 35619 35684 35427 35661 35649 35358 35563 35601 35432 35502 35732 35628 35432 35682 35372 35691 35503 35480 35373 35423 35615 35585 
   41     _  35353 16102 35423 35400 35422 35361 35421 35643 35717 35573 35459 35647 35366 35516 35627 35653 35369 35355 35480 35375 35669 35627 35657 35381 35585     0 35586 35587 35358 35404 35601 35632 35533 35643 35449 35599 35499 35691 35678 35707 35414 35414 35429 35746 35641 35399 35742 35680 15835 35617 35587 35518 35378 35551 35723 35692 35535 35430 35351 35698 35522 35512 35586 35550 35396 35488 35489 35601 35415 35594 35729 35376 35421 35540 35633 35610 35735 35644 35594 35703 35420 35646 35539 35526 35543 35563 35705 35694 35672 35435 35705 35479 35445 35675 35703 35410 35472 35464 35596 35659 35451 35614 35597 35390 35678 35655 35724 
   18     d  35573 35745 35517 35411 35438 35687 35720 35503 35682 35438 35364 35679 35649 35665 35548 35567 35605 35489 35362 35557 35552 35528 35507 35525 35636 35586     0 35466 35384 35473 35453 35582 35740 35500 35692 34212 35720 35370 35544 35428 35501 35453 35742 35561 35587 35545 35581 35727 35400 35541 35632 35350 35569 35621 35726 35376 35603 35633 35378 35469 35494 35483 35704 35397 35729 35399 35689 35646 35564 35742 35582 35639 35383 35559 35730 35653 35498 35698 35403 35488 35716 35482 35474 35459 35410 35415 35362 35508 35460 35350 35736 35380 35605 35543 35664 35579 35355 35497 35623 33815 35489 35366 35350 35725 35586 35682 35371 
    1     a  35628 35647 35488 35525 35512 35499 35498 35556 35513 35620 35633 35555 35530 35622 35530 35532 35595 35742 35712 35542 35708 35591 35486 35584 35406 35587 35466     0 35544 35381 35745 35555 35708 35488 35590 35687 35708 35595 35478 35451 35580 35713 35476 35556 35620 35447 35655 35369 35647 35437 35423 35470 35375 35652 35362 35623 35494 35740 35356 35526 35526 35666 27385 35689 35584 35673 35545 35455 35649 35408 35388 35619 35441 35355 35394 35423 35668 35637 35458 35558 35590 35469 35457 35606 35696 35538 35672 35456 35395 35500 35680 27604 35664 35451 35597 35499 35725 35429 35487 35697 35406 35638 35740 35364 35551 35744 35669 
   18     e  35352 35728 35376 35737 35386 35516 35425 35485 35641 35465 35694 35670 35741 35726 35518 35553 35399 35739 35580 35383 35662 35428 35678 35360 35371 35358 35384 35544     0 35643 35709 35556 35455 35677 35630 35670 35531 35645 35645 35353 35520 35538 35718 35492 35502 35468 35573 35592 35358 35378 35379 35521 35721 35515 35533 35391 35514 35744 35677 35655 35385 35575 35513 35419 35741 35643 35734 35418 35685 35732 35683 35670 35447 12376 35435 35730 35696 35600 35455 35393 35632 35401 35523 35659 35523 35689 35373 35700 35483 35679 35536 35375 35716 35548 35431 35527 35364 35737 35605 35540 35576 35607 35418 35546 35377 35700 11919 
   12     u  35416 35673 35590 35645 35397 22881 35494 35682 35482 35695 35402 35701 35524 35722 35714 35544 35550 35375 35470 35527 35466 35634 35609 35676 35574 35404 35473 35381 35643     0 35684 35413 35643 35573 35516 35509 35665 35466 35427 35573 35451 35489 35446 35462 35661 35549 35731 35636 35357 35352 35701 35740 35421 35419 35704 35547 35679 35434 35535 35656 35724 35539 35728 35592 35489 35739 35605 35572 35647 35646 35433 35546 35639 35570 35510 35691 35453 35498 35726 35674 35661 35450 35680 35437 35554 35475 35513 35697 35403 35426 35572 35426 22477 35419 35450 35450 35506 35625 35490 35668 35399 35510 35646 35644 35397 35672 35459 
   20     _  35626 35611 11244 35578 35649 35710 35380 35455 35551 35419 35746 35377 35404 35437 35597 35657 35563 35381 35487 35678 35555 35711 35688 35403 35676 35601 35453 35745 35709 35684     0 35479 35440 35611 35525 35733 35478 35511 35719 35602 35718 35666 35380 35557 35438 35398 35609 35475 35555 35684 35641 35724 35418 35604 35442 35679 35575 35531 35662 35712 35616 35521 35407 35392 35402 35491 35358 35491 35404 35472 35557 35669 35424 35549 35568 35432 35642 35487 35613 35495 35707 35398 35572 35449 35740 35365 35497 35595 35481 35564 35528 35348 35735 35577 35354 35506 35727 35722 35444 35440 35473 35604 35532 35438 35482 35641 11670 
   17     e  35505 35542 35630 35518 35483 35579 35398 35379 35418 35600 32473 35550 35501 35540 35602 35602 35707 35465 35373 35446 35353 35604 35678 35393 35553 35632 35582 35555 35556 35413 35479     0 35726 35558 35489 35648 35653 35644 35735 35538 35514 32082 35374 35644 35487 35425 35723 35602 35672 35409 35434 35445 35459 35543 35376 35561 35586 35395 35619 35618 35456 35516 35650 35469 35463 35664 35665 35402 35392 35712 35623 35698 35390 35600 35562 35457 35583 35450 35650 35702 35427 35405 35727 35628 35552 35543 35622 35651 35472 35701 35644 35681 35703 35613 35741 35671 35682 35411 35523 35632 35507 35408 35375 35655 35407 35385 35528 
    7     h  35517 35386 35516 35381 35521 35522 35390 35602 35501 35410 35596 35454 35574 35719 35711 35575 35698 35350 35479 35627 35611 35392 35421 35392 35638 35533 35740 35708 35455 35643 35440 35726     0 35615 35425 35488 35398 35487 35446 35745 35666 35654 35373 35618 35705 35525 35420 35680 35711 35408 35544 35660 35563 35424 35450 35694 35492 35733 35397 35405 35570 35573 35577 35418 35689 35637 35730 35561 35696 35492 35406 35440 33324 35535 35576 35738 35522 35554 35380 35633 35621 35593 35694 35701 35589 35685 35611 35377 35572 35366 35391 35552 35442 35395 35724 35650 35598 35679 35718 33595 35556 35607 35368 35365 35720 35700 35519 
   48     {  35725 35630 35585 35693 35429 35399 35437 35382 35609 35364 35546 35540 35382 35552 35394 35652 35596 35637 35570 35502 35364 35377 35460 35736 35543 35643 35500 35488 35677 35573 35611 35558 35615     0 35377 35693 35559 35425 35400 35570 35643 35652 35741 35670 35694 35470 35487 35558 35495  4067 35703 35533 35609 35624 35385 35640 35460 35711 35677 35629  3645 35707 35522 35742 35356 35556 35421 35492 35656 35370 35636 35360 35653 35714 35671 35350 35611 35631 35482 35481 35643 35570 35415 35670 35555 35666 35504 35484 35384 35478 35658 35428 35659 35354 35740 35422 35366 35467 35372 35500 35363 35520 35514 35642 35588 35573 35658 
   72     a  35438 35374 35388 35520 35625 35664 35470 35608 35391 35491 35403 35551 35706 35368 35640 35733 35611 35676 35698 35675 35394 35693 35627 35390 35634 35449 35692 35590 35630 35516 35525 35489 35425 35377     0 35382 35357 35487 35431 35663 35350 35456 35655 35486 35411 35370 35723 35489 35517 35615 35529 35731 35409 35402 35611 35598 35671 35687 35467 35371 35607 35729 35523 35520 35517 35558  5475 35527 35564 35555 35549 35388 35721 35353 35395 35460 35648 35689 35349 35375 35600  5803 35582 35687 35675 35728 35448 35424 35394 35603 35532 35682 35422 35489 35443 35518 35437 35636 35468 35517 35626 35537 35681 35557 35405 35613 35609 
   23     0  34339 35545 35681 35550 35625 35533 35581 35653 35472 35447 35407 35372 35519 35412 35412 35475 35584 35558 35615 35440 35499 35742 35474 35734 35528 35599 34212 35687 35670 35509 35733 35648 35488 35693 35382     0 35350 35370 35547 35374 35414 35358 35438 35744 35650 35674 35371 35619 35503 35688 35663 35457 35619 35350 35367 35527 35438 35453 35487 35425 35467 35738 35430 35713 35522 35662 35530 35558 35413 35567 35747 35534 35432 35352 35657 35729 35569 35453 35711 35630 35731 35513 35411 35610 35569 35545 35571 35732 35441 35680 35451 35564 35702 35719 35567 35418 35627 35397 35390 35372 35438 35408 35728 35647 35721 35474 35526 
   20     b  35443 35533 35514 35704 35543 35390 35654 35708 35427 35513 35516 35573 35708 35494 35453 35602 35482 35655 35546 35680 35632 35506 35414 35744 35584 35499 35720 35708 35531 35665 35478 35653 35398 35559 35357 35350     0  2479 35546 35507 35719 35587 35695 35716 35436 35726 35475 35655 35380 35398 35471 35391 35360 35606 35490 35573 35673 35363 35560 35687 35584 35420 35513 35386 35564 35370 35510 35502 35512 35584 35472 35541 35510 35671 35692 35489 35516 35481 35532 35701 35501 35553 35649 35705 35623 35445 35625 35584  2101 35371 35509 35410 35559 35734 35725 35592 35520 35575 35398 35528 35537 35583 35494 35360 35623 35699 35640 
   28     e  35698 35735 35538 35675 35564 35668 35595 35731 35361 35649 35472 35609 35503 35675 35429 35351 35384 35676 35586 35642 35412  2721 35348 35563 35747 35691 35370 35595 35645 35466 35511 35644 35487 35425 35487 35370  2479     0 35609 35663 35441 35378 35554 35377 35635 35356 35508 35483 35502 35530 35473 35576 35726 35698 35553 35596 35537 35578 35566 35404 35620 35387 35524 35396 35367 35415 35376 35388 35374 35415 35441 35714 35466 35642 35388 35528 35674 35440 35360 35397 35672 35690 35609 35471 35581 35657 35612 35360 35745 35491 35428 35383 35518 35475 35703 35716 35601 35392 35728 35689 35605 35551 35411 35630 35734 35350 35730 
   56     .  35669 35373 35618 35539 35705 35655 35391 35400 35349 35637 35710 35629 35527 35437 35606 35714 35353 35716 35663 35728 35472 35544 35653 35461 35596 35678 35544 35478 35645 35427 35719 35735 35446 35400 35431 35547 35546 35609     0 35732 35584 35645 35619  4589 35367 35533 35358 35467 35701 35648 35411 35631 35353 35401 35609 35673 35722 35505 35435 35566 35471 35491 35661 35404  4848 35529 35351 35592 35581 35724 35646 35414 35614 35556 35718 35552 35480 35421 35516 35721 35682 35449 35705 35383 35479 35432 35491 35411 35440 35699 35567 35358 35549 35348 35594 35484 35724 35390 35554 35369 35407 35508 35542 35570 35692 35488 35648 
   29     n  35604 35572 35625 35496 35588 35638 35572 35446 35535 35478 35592 35731 35522 35570 35609 35691 35456 35630 35713 35677 35702 35628 35477 35353 35551 35707 35428 35451 35353 35573 35602 35538 35745 35570 35663 35374 35507 35663 35732     0 35459 35518 35467 35711 35577 35443 35365 35644 35446 35487 35656 35447 35543 35428 18687 35595 35487 35474 35349 35719 35562 35470 35369 35665 35478 35497 35613 35469 35514 35391 35509 35667 35561 35428 35402 35734 35482 35697 35513 35741 35576 35671 35432 35646 35703 35745 35594 35680 35646 35508 18225 35728 35678 35540 35406 35556 35650 35610 35594 35425 35692 35671 35608 35360 35426 35454 35581 
   30     e  35554 35721 35550 35697 35640 35430 35712 35628 35718 35575 35693 35351 35373 35619 35595 35595 35603 35745 35701 35723 35650 35372 35359 35373 35373 35414 35501 35580 35520 35451 35718 35514 35666 35643 35350 35414 35719 35441 35584 35459     0 35350 35577 35464 35745 35435 35477 35402 35628 35578 35577 35425 35579 35422 35373 35376 35514 35392 35444 35638 35744 35672 35508 35481 35385 35739 35544 35483 35386 35621 35644 25303 35639 35742 35643 35376 35718 35744 35375 35604 35401 35475 35409 35623 35704 35651 35744 35746 35383 35563 35459 35730 35602 35691 35381 35484 25717 35363 35392 35454 35716 35378 35654 35606 35370 35396 35398 
    8     h  35681 35441 35715 35495 35652 35542 35638 35580 35677 35470 35413 35708 35686 35360 35415 35718 35399 35458 35355 35682 35700 35573 35466 35726 35381 35414 35453 35713 35538 35489 35666 32082 35654 35652 35456 35358 35587 35378 35645 35518 35350     0 35582 35701 35526 35429 35614 35398 35681 35412 35639 35524 35377 35699 35618 31830 35694 35618 35569 35737 35467 35730 35435 35421 35685 35642 35490 35653 35562 35709 35480 35662 35591 35464 35739 35705 35352 35736 35480 35693 35441 35515 35431 35377 35398 35703 35723 35456 35628 35487 35410 35543 35558 35635 35559 35651 35521 35656 35643 35606 35387 35470 35708 35566 35673 35350 35490 
   21     _  35385 35645 35503 35400 35380 35545 35502 35395 35651 35480 35371 35381 35634 35443 35407 35393 35435 35627 35500 35620 35713 35618 35448 35547 35636 35429 35742 35476 35718 35446 35380 35374 35373 35741 35655 35438 35695 35554 35619 35467 35577 35582     0 35621 35705 35562 35591 35707 35443 35533 35665 35730 35507 21848 35587 35738 35665 35556 35575 35534 35526 35658 35548 35666 35540 35384 35384 35642 35641 35516 35629 35606 35708 35352 35419 35616 35440 35496 35613 35704 35517 35729 35432 35628 35648 35439 35550 35441 35703 35530 35556 35556 22240 35441 35372 35512 35515 35388 35644 35715 35380 35573 35435 35551 35723 35582 35371 
   52     .  35692 35712 35428 35458 35367 35357 35584 35698 35526 35481 35585 35573 35374 35712 35361 35582 35374 35351 35704 35593 35672 35629 35433 35462 35350 35746 35561 35556 35492 35462 35557 35644 35618 35670 35486 35744 35716 35377  4589 35711 35464 35701 35621     0 35730 35470 35437 35597 35359  4208 35720 35530 35441 35465 35383 35558 35453 35479 35724 35475 35495 35688 35634 35385 35715 35412 35574 35675 35401 35664 35610 35660 35501 35557 35413 35678 35574 35512 35352 35375 35534 35574 35487 35477 35576 35380 35505 35430 35503 35602 35689 35565 35484 35464 35694 35548 35421 35666 35368 35356 35541 35585 35668 35357 35354 35378 35712 
    3     t  35383 35691 35728 35643 35558 35416 35523 35605 35381 35483 35487 35664 35656 35380 35645 35711 35429 35489 35638 35369 35692 35665 35715 35393 35457 35641 35587 35620 35502 35661 35438 35487 35705 35694 35411 35650 35436 35635 35367 35577 35745 35526 35705 35730     0 21211 35524 35736 35476 35732 35447 35640 35367 35606 35582 35488 35697 35664 35620 35425 35708 35490 35626 35525 35594 35521 35596 35413 35612 35533 35416 35687 35352 35580 35467 35641 35720 35569 35543 35722 35348 35580 35685 35571 35486 35403 35560 35464 35716 35433 35637 35605 35532 35661 35405 35737 35669 35654 35413 35432 35628 20919 35362 35358 35621 35457 35680 
   11     h  35435 35351 35372 35562 35511 35698 35635 35434 35680 35364 35673 35557 35557 35699 35615 35464 35434 35741 35623 35585 35405 35593 35732 35481 35657 35399 35545 35447 35468 35549 35398 35425 35525 35470 35370 35674 35726 35356 35533 35443 35435 35429 35562 35470 21211     0 35414 35667 35682 35696 35372 35582 35603 21666 35365 35392 35549 35674 35543 35738 35360 35420 35452 35397 35388 35364 35736 35427 35711 35738 35443 35683 35490 35425 35518 35678 35745 35544 35412 35736 35741 35366 35504 35372 35553 35672 35645 35650 35518 35350 35472 35566 35667 35384 35555 35592 35571 35477 35671 35519 35354 35558 35701 35529 35474 35500 35536 
    6     a  35559 35383 35570 35539 35713 35418 35484 35608 35637 35730 35405 35350 35534 35538 35356 35587 35435 35577 35576 35699 35623 35375 35405 35681 35643 35742 35581 35655 35573 35731 35609 35723 35420 35487 35723 35371 35475 35508 35358 35365 35477 35614 35591 35437 35524 35414     0 35382 35522 35503 35500 35499 35546 35728 35667 35665 35707 35542  8401 35490 35716 35496 35468 35601 35365 35536 35415 35643 35464 35694 35398 35576 35506 35358 35659 35363 35701 35564 35707 35567 35730 35701 35683 35670 35403 35493 35604 35357 35393 35414 35611 35618 35421 35388 35571 35473 35533  8032 35425 35553 35523 35658 35540 35508 35386 35695 35405 
   31     t  35385 35660 35744 35400 35370 35518 35563 35593 35349 35389 35509 35700 35353 35611 35587 35644 35687 35623 35484 35609 35702 35443 35401 35668 35674 35680 35727 35369 35592 35636 35475 35602 35680 35558 35489 35619 35655 35483 35467 35644 35402 35398 35707 35597 35736 35667 35382     0 35662 35440 35502 35414 35580 35501 35451 35710 35644 35364 35578 35434 35689 35416 35648 35547 35693 35409 35445 35361 23708 35479 35549 35437 35376 35727 35662 35734 35353 35406 35577 35636 35508 35653 35667 35713 35677 35452 35409 35358 35604 35552 35374 35554 35468 35418 35680 35718 35505 35374 35531 35625 35451 35508 35415 35679 35451 23555 35434 
   38     r  35485 35622 35518 35742 35721 35497 35584 35636 35422 35492 35402 35672 35351 35695 35420 35546 35533 35602 35621 35666 35378 35647 35556 35646 35737 15835 35400 35647 35358 35357 35555 35672 35711 35495 35517 35503 35380 35502 35701 35446 35628 35681 35443 35359 35476 35682 35522 35662     0 35389 35373 35623 35360 35527 35636 35392 35477 35370 35625 35702 35348 35638 35698 35533 35662 35448 35470 35513 35372 35723 35481 35394 35557 35446 35515 35374 35691 35507 35562 35471 35571 35728 15613 35648 35709 35410 35732 35713 35391 35712 35559 35650 35581 35559 35539 35566 35668 35500 35378 35406 35613 35459 35641 35536 35644 35427 35446 
   49     .  35703 35516 35714 35369 35636 35680 35529 35499 35674 35608 35667 35569 35575 35520 35677 35494 35515 35503 35509 35394 35395 35387 35571 35450 35380 35617 35541 35437 35378 35352 35684 35409 35408  4067 35615 35688 35398 35530 35648 35487 35578 35412 35533  4208 35732 35696 35503 35440 35389     0 35432 35364 35358 35652 35423 35352 35545 35628 35503 35415 35681 35506 35601 35670 35709 35482 35689 35626 35724 35435 35469 35358 35574 35667 35354 35656 35420 35742 35354 35554 35385 35706 35613 35633 35538 35739 35487 35476 35446 35506 35451 35620 35488 35590 35386 35719 35661 35567 35615 35549 35430 35367 35491 35504 35409 35665 35733 
   15     0  35670 35699 35628 35720 35471 35676 35372 35641 35747 35378 35633 35706 35591 35734 35566 35674 35384 35668 35733 35736 35605 35702 35616 35491 35676 35587 35632 35423 35379 35701 35641 35434 35544 35703 35529 35663 35471 35473 35411 35656 35577 35639 35665 35720 35447 35372 35500 35502 35373 35432     0 35549 35729 35567 35440 35431 35464 35573 35578 35694 35733 35557 35654 35536 35395 35395 35541 35523 35467 35388 35387 24838 35517 35388 35618 35650 35412 35435 35667 35556 24353 35666 35470 35385 35593 35684 35403 35359 35746 35657 35687 35725 35722 35475 35407 35683 35684 35686 35400 35420 35447 35681 35451 35555 35646 35610 35567 
   39     y  35736 35511 35418 35648 35455 35547 35497 35486 35554 35599 35628 35745 35349 35533 35740 35632 35641 35369 35483 35629 35732 35452 35409 35455 35725 35518 35350 35470 35521 35740 35724 35445 35660 35533 35731 35457 35391 35576 35631 35447 35425 35524 35730 35530 35640 35582 35499 35414 35623 35364 35549     0 35360 35526 35697 35611 19594 19907 35527 35488 35667 35349 35627 35558 35399 35447 35551 35353 35360 35660 35661 35702 35696 35426 35614 35367 35484 35672 35565 35660 35600 35528 35475 35349 35736 35454 35635 35548 35612 35619 35707 35533 35672 35530 35402 35376 35458 35516 35571 35421 35369 35550 35354 35564 35724 35415 35422 
    7     a  35632 35479 35672 35353 35371 35403 35589 35701 35523 35423 35428 35515 35660 35727  9537 35640 35358 35564 35348 35519 35500 35564 35450 35397 35401 35378 35569 35375 35721 35421 35418 35459 35563 35609 35409 35619 35360 35726 35353 35543 35579 35377 35507 35441 35367 35603 35546 35580 35360 35358 35729 35360     0 35528 35583 35713 35633 35517 35678 35638 35437 35650 35563 35730 35602 35598 35423 35350 35686 35571 35742 35708 35427 35462 35730 35556 35357 35745 35735 35606 35434 35413 35469 35529 35356  9433 35550 35708 35451 35368 35562 35566 35590 35376 35586 35582 35633 35712 35423 35666 35668 35443 35436 35474 35655 35677 35700 
   18     e  35679 35557 35609 35395 35595 35348 35622 35444 35717 35575 35507 35649 35370 35550 35461 35370 35704 35382 35686 35572 35351 35509 35349 35635 35385 35551 35621 35652 35515 35419 35604 35543 35424 35624 35402 35350 35606 35698 35401 35428 35422 35699 21848 35465 35606 21666 35728 35501 35527 35652 35567 35526 35528     0 35456 35706 35624 35723 35668 35597 35588 35389 35565 35468 35423 35367 35406 35379 35497 35405 35551 35675 35369 35604 35601 35367 35679 35494 35654 35492 35443 35692 35648 35367 35548 35522 35612 35460 35433 35371 35514 35500 35733 35489 35608 35393 35361 35524 35585 35547 35447 35576 35599 35604 35421 35724 35683 
   33     1  35531 35438 35536 35538 35594 35389 35680 35667 35561 35531 35392 35600 35603 35543 35605 35441 35449 35464 35552 35420 35531 35638 35384 35447 35733 35723 35726 35362 35533 35704 35442 35376 35450 35385 35611 35367 35490 35553 35609 18687 35373 35618 35587 35383 35582 35365 35667 35451 35636 35423 35440 35697 35583 35456     0 35655 19111 35471 35718 35385 35736 35375 35437 35395 35478 35548 35409 35370 35590 35467 35615 35529 35383 35733 35548 35350 35432 35704 35560 35564 35360 35694 35670 35745 35527 35735 35707 35384 35454 35512 35473 35656 35711 35537 35707 35733 35373 35487 35538 35614 35472 35362 35483 35404 35348 35734 35637 
    1     t  35693 35579 35400 35406 35650 35595 35542 35405 35551 35583 35527 35648 35541 35559 35710 35417 35371 35554 35669 35730 35739 35444 35661 35592 35560 35692 35376 35623 35391 35547 35679 35561 35694 35640 35598 35527 35573 35596 35673 35595 35376 31830 35738 35558 35488 35392 35665 35710 35392 35352 35431 35611 35713 35706 35655     0 35355 35490 35488 35618 35359 35712 35434 35692 35482 35729 35491 35464 35701 35545 35651 35649 35600 35537 31414 35432 35399 35664 35598 35610 35717 35405 35633 35391 35719 35426 35692 35383 35418 35541 35521 35700 35595 35436 35429 35714 35499 35714 35683 35713 35718 35468 35744 35444 35669 35499 35656 
   38     t  35439 35679 35431 35351 35617 35648 35597 35743 35712 35400 35485 35513 35490 35730 35373 35658 35362 35375 35564 35487 35425 35393 35666 35512 35615 35535 35603 35494 35514 35679 35575 35586 35492 35460 35671 35438 35673 35537 35722 35487 35514 35694 35665 35453 35697 35549 35707 35644 35477 35545 35464 19594 35633 35624 19111 35355     0 35375 35473 35569 35434 35675 35673 35719 35562 35352 35715 35556 35349 35747 35454 35352 35698 35478 35718 35717 35634 35622 35602 35601 35620 35686 35647 35399 35421 35502 35675 35402 35703 35462 35462 35734 35742 35400 35359 35647 35377 35710 35631 35553 35721 35461 35728 35382 35361 35467 35481 
   40     _  35468 35520 35744 35508 35384 35375 35631 35733 35465 35696 35450 35561 20071 35644 35578 35736 35686 35601 35555 35741 35723 35601 35471 35459 35404 35430 35633 35740 35744 35434 35531 35395 35733 35711 35687 35453 35363 35578 35505 35474 35392 35618 35556 35479 35664 35674 35542 35364 35370 35628 35573 19907 35517 35723 35471 35490 35375     0 35440 35634 35357 35689 35648 35631 35371 35519 35468 35457 35616 35636 35351 35612 35464 35374 35399 35637 35373 35524 35575 35351 35491 35674 35540 35734 35444 35445 35598 35689 35450 35674 35607 35711 35374 35688 35641 35665 35621 35600 35448 35419 35639 35585 35674 35742 35630 35617 35693 
   15     y  35426 35669 35649 35707 35402 35646 35596 35366 35421 35605 35542 35628 35551 35699 35473 35378 35551 35414 35645 35545 35702 35406 35506 35516 35737 35351 35378 35356 35677 35535 35662 35619 35397 35677 35467 35487 35560 35566 35435 35349 35444 35569 35575 35724 35620 35543  8401 35578 35625 35503 35578 35527 35678 35668 35718 35488 35473 35440     0 35419 35524 35416 35391 35423 35660 35655 35714 35596 35656 35582 35678 35398 35640 35691 35639 35494 35443 35714 35651 35491 35401 35443 35747 35519 35520 35650  8882 35364 35608 35523 35393 35646 35392 35504 35669 35636 35438 35363 35677 35701 35735 35541 35549 35470 35673 35694 35448 
   15     e  35669 35621 35462 35602 35646 35658 35465 35451 35575 35513 35713 35432 35358 35661 35558 35725 35545 35417 35652 35590 35567 35694 35362 35682 35608 35698 35469 35526 35655 35656 35712 35618 35405 35629 35371 35425 35687 35404 35566 35719 35638 35737 35534 35475 35425 35738 35490 35434 35702 35415 35694 35488 35638 35597 35385 35618 35569 35634 35419     0 35585 35397 35699 35400 35631  7435 35421 35355 35591 35517 35657 35638 35587 35739 35510 35667 35453  6979 35473 35379 35526 35493 35584 35740 35725 35675 35535 35387 35392 35708 35556 35594 35639 35675 35636 35618 35359 35464 35548 35542 35525 35674 35436 35491 35617 35409 35425 
   44     f  35547 35690 35501 35480 35479 35503 35734 35667 35476 35423 35501 35544 35355 35664 35434 35351 35711 35667 35552 35407 35527 35614 35700 35405 35482 35522 35494 35526 35385 35724 35616 35456 35570  3645 35607 35467 35584 35620 35471 35562 35744 35467 35526 35495 35708 35360 35716 35689 35348 35681 35733 35667 35437 35588 35736 35359 35434 35357 35524 35585     0 35653 35464 35440 35514 35689 35440 35414 35444 35435 35510 35531 35668 35363 35512 35516 35387 35462 35420 35569 35359 35391 35544 35362 35491 35483 35424 35675 35447 35514 35534 35428 35393 35652 35498 35425 35544 35370  3296 35661 35382 35610 35386 35437 35453 35623 35392 
    3     0  35718 35389 35356 35549 35599 35373 35734 35369 35551 35600 35521 35610 35456 35576 35645 35533 35428 35700 35673 35399 35678 35423 35633 35360 35560 35512 35483 35666 35575 35539 35521 35516 35573 35707 35729 35738 35420 35387 35491 35470 35672 35730 35658 35688 35490 35420 35496 35416 35638 35506 35557 35349 35650 35389 35375 35712 35675 35689 35416 35397 35653     0 35444 35547 35407 35391 35514 35448 35357 35377  6420 35376 35374 35639 35592 35527 35585  6585 35597 35690 35452 35572 35360 35519 35632 35647 35681 35461 35481 35516 35527 35583 35534 35348 35463 35438 35690 35465 35655 35466 35653 35401 35542 35566 35503 35380 35564 
   51     _  35584 35591 35594 27058 35579 35727 35670 35692 35695 35590 35731 35547 35692 35691 35655 35675 35635 35724 35516 35692 35709 35512 35747 35635 35485 35586 35704 27385 35513 35728 35407 35650 35577 35522 35523 35430 35513 35524 35661 35369 35508 35435 35548 35634 35626 35452 35468 35648 35698 35601 35654 35627 35563 35565 35437 35434 35673 35648 35391 35699 35464 35444     0 35396 35408 35573 35516 35512 35510 35747 35542 35351 35525 35480 35400 35466 35494 35737 35547 35544 35460 35598 35499 35563 35462 35381 35500 35716 35730 35405 35634 35409 35614 35426 35658 35599 35533 35641 35582 35509 35527 35683 35686 35404 35558 35498 35375 
   45     _  35364 35485 35718 35429 35394 35711 35514 35678 35385 13347 35554 35423 35504 35691 35419 35652 35448 35514 35555 35371 35637 35358 35568 35648 35674 35550 35397 35689 35419 35592 35392 35469 35418 35742 35520 35713 35386 35396 35404 35665 35481 35421 35666 35385 35525 35397 35601 35547 35533 35670 35536 35558 35730 35468 35395 35692 35719 35631 35423 35400 35440 35547 35396     0 35513 35471 35529 35398 35640 35666 35454 35498 35542 35746 35570 35657 35427 35744 35610 35483 35388 35565 35609 35487 35353 35502 35577 35686 35419 35723 35511 35499 35355 35388 13784 35466 35556 35413 35702 35642 35552 35351 35356 35452 35627 35421 35533 
   61     t  35675 35688 35581 35580 35467 35653 35742 35641 35638 35434 35437 35692 35541 35545 35698 35733 35371 35659 35653 35548 35664 35652 35708 35617 35524 35396 35729 35584 35741 35489 35402 35463 35689 35356 35517 35522 35564 35367  4848 35478 35385 35685 35540 35715 35594 35388 35365 35693 35662 35709 35395 35399 35602 35423 35478 35482 35562 35371 35660 35631 35514 35407 35408 35513     0 35585  5230 35559 35679 35615 35432 35658 35658 35650 35432 35700 35613 35459 35706 35561 35528 35631 35616 35601 35509 35664 35556 35374 35424 35482 35514 35486 35519 35724 35384 35747 35648 35457 35542 35523 35557 35675 35477 35359 35548 35567 35370 
   18     _  35462 35519 35496 35663 35571 35471 35617 35629 35742 35460 35524 35641 35467 35366 35348 35382 35476 35732 35724 35633 35626 35455 35418 35533 35613 35488 35399 35673 35643 35739 35491 35664 35637 35556 35558 35662 35370 35415 35529 35497 35739 35642 35384 35412 35521 35364 35536 35409 35448 35482 35395 35447 35598 35367 35548 35729 35352 35519 35655  7435 35689 35391 35573 35471 35585     0 35652 35525 35645 35743 35584 35381 35411 35370 35458 35745 35425 35601 35673 35630 35532 35527 35577 35416 35391 35689 35662 35506 35547 35426 35719 35643 35376 35689 35418 35491 35672  7567 35625 35391 35432 35652 35613 35600 35498 35700 35463 
   64     h  35609 35523 35519 35374 35686 35395 35578 35390 35640 35733 35661 35569 35680 35477 35368 35372 35356 35643 35609 35437 35473 35639 35735 35436 35544 35489 35689 35545 35734 35605 35358 35665 35730 35421  5475 35530 35510 35376 35351 35613 35544 35490 35384 35574 35596 35736 35415 35445 35470 35689 35541 35551 35423 35406 35409 35491 35715 35468 35714 35421 35440 35514 35516 35529  5230 35652     0 35411 35482 35486 35612 35627 35675 35553 35573 35746 35491 35637 35566 35628 35654 35494 35710 35550 35502 35392 35584 35589 35678 35736 35673 35503 35730 35584 35472 35703 35583 35549 35503 35733 35625 35545 35737 35432 35477 35597 35443 
   29     p  35395 35479 35461 35383 35705 35556 30157 35444 35675 35580 35410 35398 35442 35693 35418 35572 35637 35567 35409 35617 35731 35716 35449 29710 35655 35601 35646 35455 35418 35572 35491 35402 35561 35492 35527 35558 35502 35388 35592 35469 35483 35653 35642 35675 35413 35427 35643 35361 35513 35626 35523 35353 35350 35379 35370 35464 35556 35457 35596 35355 35414 35448 35512 35398 35559 35525 35411     0 35723 35387 35369 35593 35506 35480 35595 35443 35396 35540 35714 35505 35365 35467 35651 35419 35583 35468 35350 35726 35465 35529 35550 35645 35562 35514 35454 35460 35408 35410 35489 35447 35409 35682 35580 35738 35498 35669 35723 
   35     _  35486 35586 35638 35429 35626 35367 35550 35655 35389 35746 35745 35706 35517 35496 35500 35562 35431 35713 35561 35530 35416 35636 35564 35356 35606 35415 35564 35649 35685 35647 35404 35392 35696 35656 35564 35413 35512 35374 35581 35514 35386 35562 35641 35401 35612 35711 35464 23708 35372 35724 35467 35360 35686 35497 35590 35701 35349 35616 35656 35591 35444 35357 35510 35640 35679 35645 35482 35723     0 35725 35433 35661 35742 35463 35554 35585 35636 35640 35545 35511 24205 35511 35460 35582 35606 35406 35661 35448 35732 35591 35521 35513 35376 35504 35463 35435 35642 35720 35621 35589 35715 35520 35656 35510 35547 35461 35466 
   14     r  35514 35477 35675 35671 35716 35676 35472 35674 35685 35735 35522 35642 35428 17913 35663 35582 35555 35605 35398 35556 35662 35563 35734 35530 35352 35594 35742 35408 35732 35646 35472 35712 35492 35370 35555 35567 35584 35415 35724 35391 35621 35709 35516 35664 35533 35738 35694 35479 35723 35435 35388 35660 35571 35405 35467 35545 35747 35636 35582 35517 35435 35377 35747 35666 35615 35743 35486 35387 35725     0 35654 35713 35494 35540 35485 35594 35400 35451 35501 35446 35636 35532 35403 35515 35450 35746 35440 35533 35405 35680 18114 35385 35412 35610 35484 35543 35371 35605 35646 35738 35415 35460 35691 35616 35651 35500 35529 
   80     _  35389 35665 35595 35590 35584 35625 35526 35737 35594 35516 35738 35687 35537 35465 35351 35577 35689 35675 35635 35682 35604 35436 35502 35546 35719 35729 35582 35388 35683 35433 35557 35623 35406 35636 35549 35747 35472 35441 35646 35509 35644 35480 35629 35610 35416 35443 35398 35549 35481 35469 35387 35661 35742 35551 35615 35651 35454 35351 35678 35657 35510  6420 35542 35454 35432 35584 35612 35369 35433 35654     0 35736 35380 35641 35632 35471 35589 35717 35452 35489 35410  6195 35738 35717 35474 35689 35613 35600 35473 35665 35351 35605 35715 35629 35383 35393 35687 35621 35441 35529 35523 35740 35484 35605 35388 35715 35704 
   22     m  35431 35699 35590 35638 35616 35715 35569 35491 35539 35639 35711 35643 35581 35469 35703 35372 35524 35382 35460 35428 35678 35739 35735 35458 35719 35376 35639 35619 35670 35546 35669 35698 35440 35360 35388 35534 35541 35714 35414 35667 25303 35662 35606 35660 35687 35683 35576 35437 35394 35358 24838 35702 35708 35675 35529 35649 35352 35612 35398 35638 35531 35376 35351 35498 35658 35381 35627 35593 35661 35713 35736     0 35394 35490 35614 35404 35622 35449 35706 35449 35433 35359 35494 35550 35488 35579 35469 35580 35456 35464 35655 35450 35711 35437 35676 35541 35460 35452 35592 35507 35374 35368 35713 35702 35512 35632 35411 
    3     s  35469 35351 35720 35463 35684 35489 35591 35727 35430 35485 32949 35584 35499 35476 35717 35640 35685 35395 35452 35591 35468 35581 35639 35681 35481 35421 35383 35441 35447 35639 35424 35390 33324 35653 35721 35432 35510 35466 35614 35561 35639 35591 35708 35501 35352 35490 35506 35376 35557 35574 35517 35696 35427 35369 35383 35600 35698 35464 35640 35587 35668 35374 35525 35542 35658 35411 35675 35506 35742 35494 35380 35394     0 35742 35520 35627 35555 35379 35384 35430 35594 35479 35507 35367 35489 35570 35446 35546 35524 35422 35421 35708 35506 35539 35615 35543 35460 35520 35601 35473 35703 35676 35504 35576 35629 35397 35413 
   21     a  35662 35746 35480 35743 35378 35638 35470 35416 35490 35685 35467 35541 35368 35616 35372 35512 35400 35464 35680 35479 35599 35742 35467 35711 35511 35540 35559 35355 12376 35570 35549 35600 35535 35714 35353 35352 35671 35642 35556 35428 35742 35464 35352 35557 35580 35425 35358 35727 35446 35667 35388 35426 35462 35604 35733 35537 35478 35374 35691 35739 35363 35639 35480 35746 35650 35370 35553 35480 35463 35540 35641 35490 35742     0 35523 35695 35704 35680 35498 12587 35445 35721 35607 35406 35574 35510 35547 35389 35638 35717 35350 35727 35658 35423 35456 35718 35704 35553 35731 35378 35585 35376 35412 35363 35514 35436 35408 
   41     _  35712 35670 35403 35420 35543 35736 35476 35548 35504 35573 35436 35566 35398 35611 35518 35355 35493 35465 35401 35666 35593 35594 35560 35507 35370 35633 35730 35394 35435 35510 35568 35562 35576 35671 35395 35657 35692 35388 35718 35402 35643 35739 35419 35413 35467 35518 35659 35662 35515 35354 35618 35614 35730 35601 35548 31414 35718 35399 35639 35510 35512 35592 35400 35570 35432 35458 35573 35595 35554 35485 35632 35614 35520 35523     0 35515 35357 35466 35628 35690 35677 35430 35407 35440 35678 35629 35531 35474 35653 35628 35609 35485 35488 35389 35515 35551 35383 35733 35386 35416 35562 35524 31015 35639 35595 35449 35442 
   10     d  35654 35729 35588 35420 35627 35447 35509 35468 35646 35360 35659 35381 35700 35511 35610 35613 35700 35376 35646 35384 35411 35414 35718 35389 35727 35610 35653 35423 35730 35691 35432 35457 35738 35350 35460 35729 35489 35528 35552 35734 35376 35705 35616 35678 35641 35678 35363 35734 35374 35656 35650 35367 35556 35367 35350 35432 35717 35637 35494 35667 35516 35527 35466 35657 35700 35745 35746 35443 35585 35594 35471 35404 35627 35695 35515     0 35373 35697 35508 35525 35684 35365 35435 35590 35664 35718 35454 35410 35539 35353 35384 27984 35598 35491 35392 35410 35376 35546 35460 35389 35543 35592 35498 35392 28394 35629 35734 
    5     d  35616 35578 35591 35608 35462 35656 35453 35487 35655 35623 35348 35661 35373 35715 35702 35380 35353 35490 35728 29293 35634 35642 35701 35563 35736 35735 35498 35668 35696 35453 35642 35583 35522 35611 35648 35569 35516 35674 35480 35482 35718 35352 35440 35574 35720 35745 35701 35353 35691 35420 35412 35484 35357 35679 35432 35399 35634 35373 35443 35453 35387 35585 35494 35427 35613 35425 35491 35396 35636 35400 35589 35622 35555 35704 35357 35373     0 35564 35524 35744 35591 35441 35554 35379 35530 35473 35718 35389 35577 35726 35415 35531 35746 35365 35705 35723 35562 35565 35543 35652 35675 35352 35396 35439 28871 35686 35666 
    8     n  35361 35610 35647 35654 35498 35500 35646 35495 35698 35466 35539 35374 35569 35556 35466 35713 35738 35504 35610 35747 35369 35411 35716 35719 35367 35644 35698 35637 35600 35498 35487 35450 35554 35631 35689 35453 35481 35440 35421 35697 35744 35736 35496 35512 35569 35544 35564 35406 35507 35742 35435 35672 35745 35494 35704 35664 35622 35524 35714  6979 35462  6585 35737 35744 35459 35601 35637 35540 35640 35451 35717 35449 35379 35680 35466 35697 35564     0 35465 35566 35442 35740 35451 35511 35633 35390 35660 35415 35677 35348 35603 35552 35400 35461 35674 35506 35690 35622 35662 35505 35574 35548 35556 35617 35477 35378 35445 
   29     s  34662 35703 35434 35426 35476 35540 35356 35731 35499 35546 35449 35541 35696 35618 35738 35623 35376 35122 35430 35550 35658 35590 35624 35554 35492 35594 35403 35458 35455 35726 35613 35650 35380 35482 35349 35711 35532 35360 35516 35513 35375 35480 35613 35352 35543 35412 35707 35577 35562 35354 35667 35565 35735 35654 35560 35598 35602 35575 35651 35473 35420 35597 35547 35610 35706 35673 35566 35714 35545 35501 35452 35706 35384 35498 35628 35508 35524 35465     0 35493 35416 35532 35738 35501 35539 35684 35394 35567 35575 35355 35739 35671 35699 35466 35612 35520 35623 35649 35396 35430 35476 35567 35574 35509 35669 35446 35535 
   28     u  35443 35730 35674 35699 35500 35545 35713 35518 35385 35743 35525 35477 35652 35630 35437 35447 35373 35573 35469 35359 12753 35699 35459 35730 35407 35703 35488 35558 35393 35674 35495 35702 35633 35481 35375 35630 35701 35397 35721 35741 35604 35693 35704 35375 35722 35736 35567 35636 35471 35554 35556 35660 35606 35492 35564 35610 35601 35351 35491 35379 35569 35690 35544 35483 35561 35630 35628 35505 35511 35446 35489 35449 35430 12587 35690 35525 35744 35566 35493     0 35482 35647 35352 35364 35365 35417 35590 35515 35412 35571 35421 35353 35577 35348 35743 35453 35644 35660 35361 35529 35448 35437 35519 35519 35682 35368 35544 
    6     m  35464 35373 35651 35617 35428 35724 35418 35633 35690 35532 35713 35386 35567 35667 35711 35592 35693 35483 35393 35713 35516 35554 35542 35565 35501 35420 35716 35590 35632 35661 35707 35427 35621 35643 35600 35731 35501 35672 35682 35576 35401 35441 35517 35534 35348 35741 35730 35508 35571 35385 24353 35600 35434 35443 35360 35717 35620 35491 35401 35526 35359 35452 35460 35388 35528 35532 35654 35365 24205 35636 35410 35433 35594 35445 35677 35684 35591 35442 35416 35482     0 35644 35473 35417 35503 35743 35402 35385 35450 35391 35724 35645 35538 35727 35539 35499 35446 35631 35734 35481 35350 35678 35663 35478 35403 35374 35642 
   79     t  35623 35408 35589 35711 35577 35636 35625 35590 35428 35574 35502 35460 35529 35430 35467 35428 35417 35410 35487 35575 35706 35553 35370 35716 35675 35646 35482 35469 35401 35450 35398 35405 35593 35570  5803 35513 35553 35690 35449 35671 35475 35515 35729 35574 35580 35366 35701 35653 35728 35706 35666 35528 35413 35692 35694 35405 35686 35674 35443 35493 35391 35572 35598 35565 35631 35527 35494 35467 35511 35532  6195 35359 35479 35721 35430 35365 35441 35740 35532 35647 35644     0 35487 35387 35612 35462 35601 35462 35546 35372 35414 35509 35407 35577 35620 35572 35734 35652 35534 35592 35515 35540 35639 35648 35487 35390 35613 
   34     e  35606 35434 35545 35421 35622 35640 35557 35512 35599 35368 35680 35511 35553 35574 35706 35600 35524 35348 35709 35601 35625 35714 35534 35682 35545 35539 35474 35457 35523 35680 35572 35727 35694 35415 35582 35411 35649 35609 35705 35432 35409 35431 35432 35487 35685 35504 35683 35667 15613 35613 35470 35475 35469 35648 35670 35633 35647 35540 35747 35584 35544 35360 35499 35609 35616 35577 35710 35651 35460 35403 35738 35494 35507 35607 35407 35435 35554 35451 35738 35352 35473 35487     0 35555 35465 35542 35448 35581 35702 15239 35408 35680 35532 35684 35477 35651 35730 35743 35445 35439 35410 35480 35520 35450 35735 35594 35644 
   28     _  35502 35715 35520 35726 35354 35722 35473 10176 35403 35351 35474 35461 35406 35519 35370 35741 35596 35635 35439 35712 35560 35595 35494 35510 35592 35526 35459 35606 35659 35437 35449 35628 35701 35670 35687 35610 35705 35471 35383 35646 35623 35377 35628 35477 35571 35372 35670 35713 35648 35633 35385 35349 35529 35367 35745 35391 35399 35734 35519 35740 35362 35519 35563 35487 35601 35416 35550 35419 35582 35515 35717 35550 35367 35406 35440 35590 35379 35511 35501 35364 35417 35387 35555     0 35571 35450 35602 10599 35509 35518 35548 35365 35610 35404 35672 35735 35696 35523 35737 35712 35494 35492 35411 35517 35522 35410 35685 
   29     0  35676 35642 35722 35728 35559 35474 35708 35456 35398 35365 35442 35545 35426 35429 35520 35606 35657 35567 14842 35583 35460 35535 35738 35674 35551 35543 35410 35696 35523 35554 35740 35552 35589 35555 35675 35569 35623 35581 35479 35703 35704 35398 35648 35576 35486 35553 35403 35677 35709 35538 35593 35736 35356 35548 35527 35719 35421 35444 35520 35725 35491 35632 35462 35353 35509 35391 35502 35583 35606 35450 35474 35488 35489 35574 35678 35664 35530 35633 35539 35365 35503 35612 35465 35571     0 35581 35743 35673 35393 14972 35660 35439 35629 35384 35417 35629 35554 35499 35351 35481 35591 35476 35369 35636 35459 35690 35627 
    1     w  35595 35533 35745 35731 35520 35540 35598 35738 35682 35374 35431 35561 35578 35659 35702 35389 35405 35500 35457 35403 35580 35654 35606 35674 35619 35563 35415 35538 35689 35475 35365 35543 35685 35666 35728 35545 35445 35657 35432 35745 35651 35703 35439 35380 35403 35672 35493 35452 35410 35739 35684 35454  9433 35522 35735 35426 35502 35445 35650 35675 35483 35647 35381 35502 35664 35689 35392 35468 35406 35746 35689 35579 35570 35510 35629 35718 35473 35390 35684 35417 35743 35462 35542 35450 35581     0  8992 35400 35349 35421 35582 35404 35416 35446 35725 35473 35725 35385 35672 35459 35578 35402 35668 35598 35604 35557 35565 
   23     _  35659 35394 35707 35541 35560 35640 35491 35409 35499 35610 35622 35556 35727 35495 35446 35503 35533 35668 35702 35395 35606 35713 35565 35527 35684 35705 35362 35672 35373 35513 35497 35622 35611 35504 35448 35571 35625 35612 35491 35594 35744 35723 35550 35505 35560 35645 35604 35409 35732 35487 35403 35635 35550 35612 35707 35692 35675 35598  8882 35535 35424 35681 35500 35577 35556 35662 35584 35350 35661 35440 35613 35469 35446 35547 35531 35454 35718 35660 35394 35590 35402 35601 35448 35602 35743  8992     0 35730 35422 35660 35434 35592 35409 35732 35626 35697 35541 35477 35402 35452 35724 35404 35744 35740 35442 35370 35725 
    5     1  35375 35519 10867 35694 35553 35593 35560 35433 35668 35355 35530 35687 35720 35687 35657 35718 35429 35642 35355 35401 35735 35372 35566 35715 35427 35694 35508 35456 35700 35697 35595 35651 35377 35484 35424 35732 35584 35360 35411 35680 35746 35456 35441 35430 35464 35650 35357 35358 35713 35476 35359 35548 35708 35460 35384 35383 35402 35689 35364 35387 35675 35461 35716 35686 35374 35506 35589 35726 35448 35533 35600 35580 35546 35389 35474 35410 35389 35415 35567 35515 35385 35462 35581 10599 35673 35400 35730     0 35540 35735 35597 35491 35633 35367 35596 35533 35637 35697 35397 35674 35385 35590 35684 35710 35568 35465 35547 
   13     i  35480 35568 35724 35405 35410 35488 35478 35743 35414 35743 35585 35400 35676 35564 35418 35466 35604 35393 35704 35729 35352 35370 35703 35370 35661 35672 35460 35395 35483 35403 35481 35472 35572 35384 35394 35441  2101 35745 35440 35646 35383 35628 35703 35503 35716 35518 35393 35604 35391 35446 35746 35612 35451 35433 35454 35418 35703 35450 35608 35392 35447 35481 35730 35419 35424 35547 35678 35465 35732 35405 35473 35456 35524 35638 35653 35539 35577 35677 35575 35412 35450 35546 35702 35509 35393 35349 35422 35540     0 35371 35448 35741 35446 35614 35452  1896 35505 35651 35469 35483 35427 35725 35388 35535 35592 35532 35682 
   33     v  35469 35735 35688 35634 35507 35350 35601 35637 35551 35556 35695 35461 35350 35741 35745 35697 35490 35461 35715 35522 35357 35439 35676 35621 35649 35435 35350 35500 35679 35426 35564 35701 35366 35478 35603 35680 35371 35491 35699 35508 35563 35487 35530 35602 35433 35350 35414 35552 35712 35506 35657 35619 35368 35371 35512 35541 35462 35674 35523 35708 35514 35516 35405 35723 35482 35426 35736 35529 35591 35680 35665 35464 35422 35717 35628 35353 35726 35348 35355 35571 35391 35372 15239 35518 14972 35421 35660 35735 35371     0 35443 35366 35602 35508 35710 35617 35524 35559 35680 35523 35722 35520 35414 35479 35426 35408 35711 
   21     e  35392 35657 35348 35740 35741 35526 35683 35374 35382 35585 35666 35495 35354 35684 35662 35706 35699 35536 35598 35659 35358 35742 35637 35562 35358 35705 35736 35680 35536 35572 35528 35644 35391 35658 35532 35451 35509 35428 35567 18225 35459 35410 35556 35689 35637 35472 35611 35374 35559 35451 35687 35707 35562 35514 35473 35521 35462 35607 35393 35556 35534 35527 35634 35511 35514 35719 35673 35550 35521 18114 35351 35655 35421 35350 35609 35384 35415 35603 35739 35421 35724 35414 35408 35548 35660 35582 35434 35597 35448 35443     0 35469 35561 35468 35374 35531 35379 35717 35369 35653 35433 35483 35391 35563 35461 35463 35377 
    3     n  35614 35558 35569 35407 35456 35506 35580 35700 35352 35352 35709 35647 35686 35643 35422 35703 35563 35542 35460 35658 35463 35490 35635 35385 35563 35479 35380 27604 35375 35426 35348 35681 35552 35428 35682 35564 35410 35383 35358 35728 35730 35543 35556 35565 35605 35566 35618 35554 35650 35620 35725 35533 35566 35500 35656 35700 35734 35711 35646 35594 35428 35583 35409 35499 35486 35643 35503 35645 35513 35385 35605 35450 35708 35727 35485 27984 35531 35552 35671 35353 35645 35509 35680 35365 35439 35404 35592 35491 35741 35366 35469     0 35403 35667 35652 35535 35653 35477 35633 35538 35354 35522 35621 35419 35699 35529 35468 
    3     q  35418 35544 35473 35432 35508 35499 35425 35477 35612 35744 35498 35700 35462 35500 35738 35647 35536 35358 35737 35483 35637 35695 35554 35538 35601 35445 35605 35664 35716 22477 35735 35703 35442 35659 35422 35702 35559 35518 35549 35678 35602 35558 22240 35484 35532 35667 35421 35468 35581 35488 35722 35672 35590 35733 35711 35595 35742 35374 35392 35639 35393 35534 35614 35355 35519 35376 35730 35562 35376 35412 35715 35711 35506 35658 35488 35598 35746 35400 35699 35577 35538 35407 35532 35610 35629 35416 35409 35633 35446 35602 35561 35403     0 35550 35653 35501 35473 35427 35663 35675 35561 35595 35490 35428 35426 35696 35681 
   18     e  35492 35576 35747 35570 35544 35642 35685 35613 16686 35692 35516 16991 35525 35530 35707 35708 35711 35434 35685 35626 35478 35576 35625 35422 35432 35675 35543 35451 35548 35419 35577 35613 35395 35354 35489 35719 35734 35475 35348 35540 35691 35635 35441 35464 35661 35384 35388 35418 35559 35590 35475 35530 35376 35489 35537 35436 35400 35688 35504 35675 35652 35348 35426 35388 35724 35689 35584 35514 35504 35610 35629 35437 35539 35423 35389 35491 35365 35461 35466 35348 35727 35577 35684 35404 35384 35446 35732 35367 35614 35508 35468 35667 35550     0 35582 35668 35531 35426 35576 35669 35360 35697 35487 35351 35545 35462 35640 
    7     d  35395 35466 35427 35722 35569 35699 35371 35372 35377 35375 35525 35402 35611 35378 35506 13959 35476 35434 35351 35587 35349 35705 35460 35679 35502 35703 35664 35597 35431 35450 35354 35741 35724 35740 35443 35567 35725 35703 35594 35406 35381 35559 35372 35694 35405 35555 35571 35680 35539 35386 35407 35402 35586 35608 35707 35429 35359 35641 35669 35636 35498 35463 35658 13784 35384 35418 35472 35454 35463 35484 35383 35676 35615 35456 35515 35392 35705 35674 35612 35743 35539 35620 35477 35672 35417 35725 35626 35596 35452 35710 35374 35652 35653 35582     0 35722 35508 35599 35536 35566 35734 35694 35665 35656 35531 35442 35412 
   11     r  35733 35542 35490 35649 35669 35612 35685 35581 35631 35653 35711 35415 35639 35715 35718 35456 35685 35370 35383 35556 35460 35563  1417 35635 35732 35410 35579 35499 35527 35450 35506 35671 35650 35422 35518 35418 35592 35716 35484 35556 35484 35651 35512 35548 35737 35592 35473 35718 35566 35719 35683 35376 35582 35393 35733 35714 35647 35665 35636 35618 35425 35438 35599 35466 35747 35491 35703 35460 35435 35543 35393 35541 35543 35718 35551 35410 35723 35506 35520 35453 35499 35572 35651 35735 35629 35473 35697 35533  1896 35617 35531 35535 35501 35668 35722     0 35643 35407 35600 35486 35417 35611 35460 35478 35736 35502 35597 
   33     n  35684 35383 35554 35410 35661 35694 35544 35714 35539 35531 35554 35696 35452 35441 35385 35627 26145 35363 35714 35580 35571 35605 35472 35456 35628 35472 35355 35725 35364 35506 35727 35682 35598 35366 35437 35627 35520 35601 35724 35650 25717 35521 35515 35421 35669 35571 35533 35505 35668 35661 35684 35458 35633 35361 35373 35499 35377 35621 35438 35359 35544 35690 35533 35556 35648 35672 35583 35408 35642 35371 35687 35460 35460 35704 35383 35376 35562 35690 35623 35644 35446 35734 35730 35696 35554 35725 35541 35637 35505 35524 35379 35653 35473 35531 35508 35643     0 35562 35525 35404 35702 35450 35436 35610 35544 35721 35469 
    3     m  35742 35646 35425 35515 35613 35629 35621 35720 35618 35607 35579 35516 35392 35351 35351 35696 35379 35494 35578 35554 35394 35387 35640 35738 35432 35464 35497 35429 35737 35625 35722 35411 35679 35467 35636 35397 35575 35392 35390 35610 35363 35656 35388 35666 35654 35477  8032 35374 35500 35567 35686 35516 35712 35524 35487 35714 35710 35600 35363 35464 35370 35465 35641 35413 35457  7567 35549 35410 35720 35605 35621 35452 35520 35553 35733 35546 35565 35622 35649 35660 35631 35652 35743 35523 35499 35385 35477 35697 35651 35559 35717 35477 35427 35426 35599 35407 35562     0 35421 35467 35716 35626 35706 35668 35638 35358 35406 
   36     t  35528 35671 35361 35691 35670 35512 35362 35740 35456 35578 35506 35499 35716 35458 35576 35487 35527 35623 35637 35700 35712  3162 35408 35478 35682 35596 35623 35487 35605 35490 35444 35523 35718 35372 35468 35390 35398 35728 35554 35594 35392 35643 35644 35368 35413 35671 35425 35531 35378 35615 35400 35571 35423 35585 35538 35683 35631 35448 35677 35548  3296 35655 35582 35702 35542 35625 35503 35489 35621 35646 35441 35592 35601 35731 35386 35460 35543 35662 35396 35361 35734 35534 35445 35737 35351 35672 35402 35397 35469 35680 35369 35633 35663 35576 35536 35600 35525 35421     0 35483 35478 35523 35476 35353 35739 35574 35350 
    9     a  35712 35499 35428 35430 35680 35569 35732 35522 35362 35693 35683 35392 35588 35458 35459 35612 35739 35433 35694 35746 35669 35440 35459 35594 35372 35659 33815 35697 35540 35668 35440 35632 33595 35500 35517 35372 35528 35689 35369 35425 35454 35606 35715 35356 35432 35519 35553 35625 35406 35549 35420 35421 35666 35547 35614 35713 35553 35419 35701 35542 35661 35466 35509 35642 35523 35391 35733 35447 35589 35738 35529 35507 35473 35378 35416 35389 35652 35505 35430 35529 35481 35592 35439 35712 35481 35459 35452 35674 35483 35523 35653 35538 35675 35669 35566 35486 35404 35467 35483     0 35619 35603 35402 35470 35577 35413 35707 
   17     s  35451 35560 35374 35403 35576 35702 35452 35571 35566 35675 35684 35621 35393 35413 35725 14206 35733 35638 14415 35648 35674 35551 35440 35356 35691 35451 35489 35406 35576 35399 35473 35507 35556 35363 35626 35438 35537 35605 35407 35692 35716 35387 35380 35541 35628 35354 35523 35451 35613 35430 35447 35369 35668 35447 35472 35718 35721 35639 35735 35525 35382 35653 35527 35552 35557 35432 35625 35409 35715 35415 35523 35374 35703 35585 35562 35543 35675 35574 35476 35448 35350 35515 35410 35494 35591 35578 35724 35385 35427 35722 35433 35354 35561 35360 35734 35417 35702 35716 35478 35619     0 35572 35409 35678 35469 35434 35546 
   11     _  35409 35653 35405 35625 35582 35554 35358 35687 35682 35664 35430 35483 35737 35504 35553 35616 35569 35409 35629 35385 35374 35595 35589 35576 35503 35614 35366 35638 35607 35510 35604 35408 35607 35520 35537 35408 35583 35551 35508 35671 35378 35470 35573 35585 20919 35558 35658 35508 35459 35367 35681 35550 35443 35576 35362 35468 35461 35585 35541 35674 35610 35401 35683 35351 35675 35652 35545 35682 35520 35460 35740 35368 35676 35376 35524 35592 35352 35548 35567 35437 35678 35540 35480 35492 35476 35402 35404 35590 35725 35520 35483 35522 35595 35697 35694 35611 35450 35626 35523 35603 35572     0 35414 20765 35583 35528 35632 
   40     l  35678 35728 35414 35391 35629 35644 30600 35385 35456 35584 35639 35722 35606 35546 35657 35446 35472 35358 35504 35375 35532 35701 35677 35374 35480 35597 35350 35740 35418 35646 35532 35375 35368 35514 35681 35728 35494 35411 35542 35608 35654 35708 35435 35668 35362 35701 35540 35415 35641 35491 35451 35354 35436 35599 35483 35744 35728 35674 35549 35436 35386 35542 35686 35356 35477 35613 35737 35580 35656 35691 35484 35713 35504 35412 31015 35498 35396 35556 35574 35519 35663 35639 35520 35411 35369 35668 35744 35684 35388 35414 35391 35621 35490 35487 35665 35460 35436 35706 35476 35402 35409 35414     0 35722 35647 35734 35408 
    8     f  35525 35550 35410 35489 35452 35480 35610 35630 35563 35444 35395 35408 20505 35421 35470 35721 35357 35656 35658 35653 35597 35663 35645 35554 35373 35390 35725 35364 35546 35644 35438 35655 35365 35642 35557 35647 35360 35630 35570 35360 35606 35566 35551 35357 35358 35529 35508 35679 35536 35504 35555 35564 35474 35604 35404 35444 35382 35742 35470 35491 35437 35566 35404 35452 35359 35600 35432 35738 35510 35616 35605 35702 35576 35363 35639 35392 35439 35617 35509 35519 35478 35648 35450 35517 35636 35598 35740 35710 35535 35479 35563 35419 35428 35351 35656 35478 35610 35668 35353 35470 35678 20765 35722     0 35401 35467 35556 
   15     _  35540 35539 35648 35616 35656 35691 35452 35355 35626 35483 35418 35654 35610 35441 35484 35478 35623 35733 35473 35621 35559 35661 35465 35691 35423 35678 35586 35551 35377 35397 35482 35407 35720 35588 35405 35721 35623 35734 35692 35426 35370 35673 35723 35354 35621 35474 35386 35451 35644 35409 35646 35724 35655 35421 35348 35669 35361 35630 35673 35617 35453 35503 35558 35627 35548 35498 35477 35498 35547 35651 35388 35512 35629 35514 35595 28394 28871 35477 35669 35682 35403 35487 35735 35522 35459 35604 35442 35568 35592 35426 35461 35699 35426 35545 35531 35736 35544 35638 35739 35577 35469 35583 35647 35401     0 35563 35734 
   23     e  35720 35728 35569 35456 35357 23190 35468 35611 35443 35660 35444 35624 35528 35533 35408 35694 35624 35444 35529 35543 35585 35348 35512 35709 35615 35655 35682 35744 35700 35672 35641 35385 35700 35573 35613 35474 35699 35350 35488 35454 35396 35350 35582 35378 35457 35500 35695 23555 35427 35665 35610 35415 35677 35724 35734 35499 35467 35617 35694 35409 35623 35380 35498 35421 35567 35700 35597 35669 35461 35500 35715 35632 35397 35436 35449 35629 35686 35378 35446 35368 35374 35390 35594 35410 35690 35557 35370 35465 35532 35408 35463 35529 35696 35462 35442 35502 35721 35358 35574 35413 35434 35528 35734 35467 35563     0 35519 
    9     b  35518 35468 35633 35632 35532 35639 35636 35357 35488 35633 35381 35702 35362 35631 35476 35478 35468 35612 35596 35733 35548 35734 35412 35426 35585 35724 35371 35669 11919 35459 11670 35528 35519 35658 35609 35526 35640 35730 35648 35581 35398 35490 35371 35712 35680 35536 35405 35434 35446 35733 35567 35422 35700 35683 35637 35656 35481 35693 35448 35425 35392 35564 35375 35533 35370 35463 35443 35723 35466 35529 35704 35411 35413 35408 35442 35734 35666 35445 35535 35544 35642 35613 35644 35685 35627 35565 35725 35547 35682 35711 35377 35468 35681 35640 35412 35597 35469 35406 35350 35707 35546 35632 35408 35556 35734 35519     0 
